1111110101010101110101
1111110101010101110110
1111110101010101110110
1111110101010101110101
1111110101010101110100
1111110101010101110101
1111110101010101110100
1111110101010101110110
1111110101010101110110
1111110101010101110100
1111110101010101110110
1111110101010101110101
1111110101010101110100
1111110101010101110110
1111110101010101110110
1111110101010101110110
1111110101010101110110
1111110101010101110100
1111110101010101110110
1111110101010101110100
1111110101010101110101
1111110101010101110110
1111110101010101110110
1111110101010101110101
1111110101010101110101
1111110101010101110100
1111110101010101110110
1111110101010101110100
1111110101010101110100
1111110101010101110110
1111110101010101110101
1111110101010101110101
1111110101010101110101
1111110101010101110101
1111110101010101110100
1111110101010101110100
1111110101010101110101
1111110101010101110101
1111110101010101110101
1111110101010101110110
1111110101010101110110
1111110101010101110100
1111110101010101110110
1111110101010101110101
1111110101010101110101
1111110101010101110101
1111110101010101110110
1111110101010101110110
1111110101010101110110
1111110101010101110101
1111110101010101110110
1111110101010101110100
1111110101010101110101
1111110101010101110110
1111110101010101110100
1111110101010101110101
1111110101010101110100
1111110101010101110100
1111110101010101110101
1111110101010101110110
1111110101010101110101
1111110101010101110100
1111110101010101110101
1111110101010101110100
1111110101010101110100
1111110101010101110100
1111110101010101110110
1111110101010101110100
1111110101010101110101
1111110101010101110101
1111110101010101110101
1111110101010101110100
1111110101010101110100
1111110101010101110100
1111110101010101110110
