00010011000111111100011101010000011111011101111100110000011101110111000000000100000001110100110100001100111111010111010100110011010111110000010111010000110100001111010101010000110011011101111111110011
01000111011101110100110101110100010011010101010111011111000111010000000101000111011111010101000111110000001111000100000101011100111100111101011101001101000100111101010011010001111101001100010111000111
11010100111101000101111100010111010011110111110001110011001101011101111100000101000001010101010000110101010011110011000111000101111111011111011100000011000000010001010011000101000001111101010001110000
11111111000101000000011111110100110100001100000001110111110001010011011101010101111100000000110001000111110001010011010011011100110111010100001101110001110011001101000011000000011101111111000100111100
11000101110000111100001100110111001101111111111111000100010011011101000100011101000111001101110000011111111111110100110011001101010100010111000100110011010000010000011111011100001100010111001111111111
01010000001100010001001111010101110000111101110011111111010000011100011100011111000011001100010011110111000100011100011101000000000100000111011100010111010101110001010111111101000001001111010111011101
01011100111100011100111101000011001101110011000001001101110101010000111111011101000001111111111100110001110011001101010100011101010101010101001100111111011100010011110001000001110000000111010111000001
01010011111100000100110101010000010001110111111111010000111101110000000001011100001111110011110001110100010100010000011101001111010101011100011101001101111100011101110111010000001101111101010000110000
00000111111101010011010111010001011101110100000001110001001111000011010011000000010011000111011100001111000111000100000000110000010111001111110000001100000001010000000100001111011100010011011101000100
01110101010011110001000000001111000000011101110001010111000000111100010111011111111101000111011111000101001111000101110100000001011111011111110100000011010000011111011101110001011101110101011100011111
01110000010101110011010101111111000111010100111100011101111101010001010111010100001100000111000111010001000111110001010100111101000101010011110111011111010100000111000101111101110011000000110100010001
01000011000011111111110111010000010001110100011100000011010000000011110101010011000000010011010100111101001100010111000001001111110101000100000000001111000101001100010111110101010101000011110101011100
01010011000100000000010101000100010100110111000111010000111100010011010000111111011111000101110001010011110100000100010111010001000101011111110111000100110111011101000001001100001111001111010011110101
00010111000111001100010111010101000111010001011101110111011111000100001101111111110101000111001100010001110011001111110000110001110000010111010101011100000101010100010001000111000101010111010100000011
11011111011101010001000101011101001100000101000000110111111100110101000111000111000000010000011101010011011111000000011100000001010101000100010100110011110101110000000000000001001100001101010111000100
11010011000011110101010111010101010011001100011111000111001101110100000001000101011111010011000101000001000000000001010101010111110000010011111111110011110111110101010100001100110100010011110000111111
11001111011111000011111100001111011100010000111111011111010001011100010100010011011101111101000111010011000111110000110111011111111100111111111111111111000011000000010111010100011101011111110100110100
11010011000100110111110001110001000000000100010100111100000100010000000001010011010100001111111101010100010001000101110101000100110101110001000011110101010101000101011101000001010101011111000100001100
01010000110011000000001101110101111101110101011111000000010000000101110011001101010100010000010111110001010000110101000101000111000100010001001101011111110100010101110001110111111101000101111100110111
11010000110111111101010000011111011101110011110111010111010011110101110100000100010100110000011101010100010000000001001100001111010100000011000100010100010000010101001101110111010000011111111101010011
00000011000111110011000011011100111101110101110100110101000000001101010111010000010001000101000100111111110011000111000001110100010101010000011101010101000011010111000011110000010011010100010111010011
01111111110011001111110101000111011100011111111100001101010000010011000001110000000000000011001101010001000111110111111101000000000111110011000101010011000111110111110111111100000001000000000101001111
00010101011101000001000011000000110111010100110001110111001100110111010000110100110011000001010000000001010001010100010100000111111111010001111111110001011101010111010000000001000000000011010111000011
11011111000111010011110000010100011100111111110100011111011100010011110111110011000101110101001111110100000001110011011100110000001100110101111111010101111101110100110000010000011111000011000101010101
01000100111111001111000001000011011101110100111111000100010101011101010100010101010101110011000001000111000000110101000000001100110001000111001111011111110001111111111101010111010100010100011111011100
