1101110101010111110101011111010101010101011111111111111101010111111111111111010111011111111101110101010111010111011101010101111111011101010101011111010101110111110101010101111111010101111101010111010101
1101110101010111110101011111010101010101010111011101110101010111110111110101010111110101011111110101010111010111011101010101111111011101010101011111010101110111110101010101111111010101111101010111010101
1101110101010111110101011111010101010101010111011101110101010111110111110101010111110101011111110101010101111111111101010111111111011101010101011111010101110111110101010101111111010101111101010111010101
1101110101010111110101011111010101010101010111011101110101010111110111110101010111110101011111110101010101111101110101010111110111111101011111011111010101110111110101010101111111010101111101010111010110
1101110101010111110101011111010101010101010111011101110101010111111111111111010111111111111111110101010111010111011101010101111111011101010101011111010101110111110101010101111111010101111101010111010101
1101110101010111110101011111010101010101010111011101110101010111110111110101010111110101011111110101010101111101110101010111111111111101011111011111010111110111110101010101111111010101111101010111010110
1101110101110111110111110101111101011101011101110111011101010111011111011111010111011111111101110101010111010111011101010101111111011101010101011111010101110111110101010101111111010101111101010111010100
1101110101010111110101011111010101010101010111011101110101010111110111110101010111110101011111110101010101111101110101010111111111111101011111011111010111110111110101010101111111010101111101010111010110
1101110101010111110101011111010101010101010111011101110101010111110111110101010111110101011111110101010101111101110101010111110111111101011111011111010111111111111101110101111111011101111101010111010110
1101110101010111110111111111111101011101011101110111011101010111011111011111010111011111111101110101010111010111011101010101111111011101010101011111010101110111110101010101111111010101111101010111010100
1101110101010111110101011111010101010101010111011101110101010111110111110101010111111111111111110101010111010111011101010101111111011101010101011111010101110111110101010101111111010101111101010111010101
1101110101010111110101011111010101010101010111011101110101010111110111110101010111110101111111110101010111110111011101010101111111011101010101011111010101110111110101010101111111010101111101010111010101
1101110101010111010111110101111101011101011101110111011101010111011111011111010111011111111101110101010111010111011101010101111111011101010101011111010101110111110101010101111111010101111101010111010100
1101110101010111110101011111010101010101010111011101110101010111110111110101010111110101011111110101010101111101110101010111110111111101011111011111010111111111011101110101111111011101111101010111010110
1101110101010111110101011111111101011101011101110111011101010111011111011111010111011111111101110101010111010111011101010101111111011101010101011111010101110111110101010101111111010101111101010111010100
1101110101010111110101011111010101010101010111011101110101010111110111110101010111110101011111110101010101111101110101010111110111111101011111011111010111111111011101110101111111011101111101010111010110
1101110101010111110101011111010101010101010111011101110101010111110111110101010111110101011111110101010101111111111101010111111111111101011111011111010111111111111101110101111111010101111101010111010110
1101110101010111110101011111010101010101010111011101110101010111110111110101010111110101011111110101010101111111111101010111111111011101010101011111010101110111110101010101111111010101111101010111010101
1111010101110111010111110101111101011101011101110111011101010111011111011111010111011111111101110101010111010111011101010101111111011101010101011111010101110111110101010101111111010101111101010111010100
1101110101010111110101011111010101010101010111011101110101010111110111110101010111110101011111110101010101111101110101010101111111011101010101011111010101110111110101010101111111010101111101010111010101
1101110101010111110101111111111101011101011111111111111101010111111111111111010111011111111101110101010111010111011101010101111111011101010101011111010101110111110101010101111111010101111101010111010100
1101110101010111110101011111010101010101010111011101110101010111110111110101010111111111111111110101010111111111111101010111111111111101010101011111010101110111110101010101111111010101111101010111010110
1101110101010111010111110101111101011101011101110111011101010111011111011111010111011111111101110101010111010111011101010101111111011101010101011111010101110111110101010101111111010101111101010111010100
1101110101010111110111111111111101011101011101110111011101010111011111011111010111011111111101110101010111010111011101010101111111011101010101011111010101110111110101010101111111010101111101010111010100
1101110101010111110101011111010101010101010111011101110101010111110111110101010111110101011111110101010101111111111101010111111111111101010101011111010101110111110101010101111111010101111101010111010110
1101110101010111110101011111010101010101010111011101110101010111110111110101010111110101011111110101010101111101110101010111110111111101011111011111010111111111011101110101110111011101111101010111010110
1101110101110111110111111111111101011101011101110111011101010111011111011111010111011111111101110101010111010111011101010101111111011101010101011111010101110111110101010101111111010101111101010111010100
1101110101010111110101011111010101010101010111011101110101010111110111110101010111110101011111110101010101111101110101010111111111011101010101011111010101110111110101010101111111010101111101010111010101
1101110101010111110101011111010101010101010111011101110101010111110111110101010111110101011111110101010111111111011101010101111111011101010101011111010101110111110101010101111111010101111101010111010101
1101110101010111110101011111010101010101010111011101110101010111111111111111010111111111111101110101010111010111011101010101111111011101010101011111010101110111110101010101111111010101111101010111010101
1101110101010111110111111111111101011101011111111111011101010111011111011111010111011111111101110101010111010111011101010101111111011101010101011111010101110111110101010101111111010101111101010111010100
1101110101010111110101011111010101010101010111011101110101010111110111110101010111110101011111110101010101111101110101010111110111111101011111011111010111111111111101010101111111010101111101010111010110
1101110101010111110101011111010101010101010111011101110101010111110111110101010111111111111111110101010111111111111101010111111111111101010101011111010101110111110101010101111111010101111101010111010110
1101110101010111110101011111010101010101010111011101110101010111110111110101010111110101011111110101010111111111111101010101111111011101010101011111010101110111110101010101111111010101111101010111010101
1101110101010111110101011111010101010101010111011101110101010111110111110101010111110101011111110101010101111101110101010111110111111101011111011111010111111111111101110101111111011101111101010111010110
1101110101010111110101011111010101010101010111011101110101010111110111110101010111110101011111110101010101111101110101010111111111111101010101011111010101110111110101010101111111010101111101010111010110
1101110101010111110101011111010101010101010111011101110101010111110111110101010111111111111111110101010111010111011101010101111111011101010101011111010101110111110101010101111111010101111101010111010101
1101110101010111110101011111111101011101011111111111111101010111011111011111010111011111111101110101010111010111011101010101111111011101010101011111010101110111110101010101111111010101111101010111010100
1101110101010111110101011111010101010101010111011101110101010111110111110101010111110101011111110101010101111101110101010111110111111101011101011111010101110111110101010101111111010101111101010111010110
1101110101010111110101011111010101010101010111011101110101010111110111110101010111110101011111110101010111111111111101010111111111111101010101011111010101110111110101010101111111010101111101010111010110
1101110101010111110101011111010101010101010111011101110101010111110111110101010111110101011111110101010101111101110101010111111111111101011111011111010101110111110101010101111111010101111101010111010110
1101110101010111110101011111010101010101010111011101110101010111110111110101010111111111111101110101010111010111011101010101111111011101010101011111010101110111110101010101111111010101111101010111010101
1101110101110111010111110101111101011101011101110111011101010111011111011111010111011111111101110101010111010111011101010101111111011101010101011111010101110111110101010101111111010101111101010111010100
1101110101010111110101011111010101010101010111011101110101010111111111111111010111011111111101110101010111010111011101010101111111011101010101011111010101110111110101010101111111010101111101010111010101
1101110101010111110101011111010101010101010111011101110101010111110111110111010111111111111101110101010111010111011101010101111111011101010101011111010101110111110101010101111111010101111101010111010101
1101110101010111110101011111010101010101010111011101110101010111110111110101010111111111111101110101010111010111011101010101111111011101010101011111010101110111110101010101111111010101111101010111010101
1101110101010111110101011111010101010101010111011101110101010111110111110101010111111111111111110101010111111111111101010101111111011101010101011111010101110111110101010101111111010101111101010111010101
1101110101010111110101011111010101010101010111011101110101010111110111110101010111110101011111110101010101111101110101010111110111111101011111011111010111111111111101110101111111010101111101010111010110
1101110101010111110111111101111101011101011101110111011101010111011111011111010111011111111101110101010111010111011101010101111111011101010101011111010101110111110101010101111111010101111101010111010100
1101110101010111110101011111010101010101011111111111111101010111111111111111010111011111111101110101010111010111011101010101111111011101010101011111010101110111110101010101111111010101111101010111010101
1101110101010111110101011111111101011101011111111111111101010111011111011111010111011111111101110101010111010111011101010101111111011101010101011111010101110111110101010101111111010101111101010111010100
1101110101010111110101011111010101010101010111011101110101010111110111110101010111110101011111110101010101111101110101010111111111111101011101011111010101110111110101010101111111010101111101010111010110
1101110101010111110101011111010101010101010111011101110101010111110111110101010111110101011111110101010111111111111101010101111111011101010101011111010101110111110101010101111111010101111101010111010101
1101110101010111110101011111010101010101010111011101110101010111110111111111010111011111111101110101010111010111011101010101111111011101010101011111010101110111110101010101111111010101111101010111010101
1101110101010111110101011111010101010101010111011101110101010111110111110101010111110101011111110101010101111101110101010111110111111101010101011111010101110111110101010101111111010101111101010111010101
1101110101010111110111111111111101011101011101110111011101010111011111011111010111011111111101110101010111010111011101010101111111011101010101011111010101110111110101010101111111010101111101010111010100
1101110101010111110101011111010101010101010111011101110101010111110111110101010111110101011111110101010111110111011101010101111111011101010101011111010101110111110101010101111111010101111101010111010101
1101110101010111110101011111010101010101010111011101110101010111110111110101010111111111111111110101010111111111111101010111111111111101010101011111010101110111110101010101111111010101111101010111010110
1101110101010111110101011111010101010101010111011101110101010111110111110101010111110101011111110101010101111111111101010101111111011101010101011111010101110111110101010101111111010101111101010111010101
1101110101010111110101011111010101010101010111011101110101010111110111110111010111011111111101110101010111010111011101010101111111011101010101011111010101110111110101010101111111010101111101010111010101
1101110101010111110111111111111101011101011111111111011101010111011111011111010111011111111101110101010111010111011101010101111111011101010101011111010101110111110101010101111111010101111101010111010100
1101110101010111110101011111010101010101010111011101110101010111110111110101010111110101011111110101010101111101110101010111111111111101011111011111010101110111110101010101111111010101111101010111010110
1101110101010111110111111101111101011101011101110111011101010111011111011111010111011111111101110101010111010111011101010101111111011101010101011111010101110111110101010101111111010101111101010111010100
1101110101010111110101011111010101010101010111011101110101010111110111110101010111111111111111110101010111010111011101010101111111011101010101011111010101110111110101010101111111010101111101010111010101
1101110101010111110101011111010101010101010111011101110101010111110111110101010111110101011111110101010101111101110101010111111111111101011111011111010101110111110101010101111111010101111101010111010110
1101110101110111110111111111111101011101011111111111111101010111111111111111010111011111111101110101010111010111011101010101111111011101010101011111010101110111110101010101111111010101111101010111010100
1101110101010111110111111111111101011101011101110111011101010111011111011111010111011111111101110101010111010111011101010101111111011101010101011111010101110111110101010101111111010101111101010111010100
1101110101010111110101011111010101010101011101110111011101010111011111011111010111011111111101110101010111010111011101010101111111011101010101011111010101110111110101010101111111010101111101010111010100
1101110101010111110101011111010101010101010111011101110101010111110111110101010111110101011111110101010111110111011101010101111111011101010101011111010101110111110101010101111111010101111101010111010110
1101110101010111110101011111010101010101010111011101110101010111110111110101010111110101011111110101010101111111111101010111111111111101011101011111010101110111110101010101111111010101111101010111010110
1101110101010111110101011111011101011101011101110111011101010111011111011111010111011111111101110101010111010111011101010101111111011101010101011111010101110111110101010101111111010101111101010111010100
1101110101010111110111111111111101011101011101110111011101010111011111011111010111011111111101110101010111010111011101010101111111011101010101011111010101110111110101010101111111010101111101010111010100
1101110101110111010111110101111101011101011101110111011101010111011111011111010111011111111101110101010111010111011101010101111111011101010101011111010101110111110101010101111111010101111101010111010100
1101110101010111110101011111010101010101010111011101110101010111110111110101010111110101011111110101010101111111111101010101111111011101010101011111010101110111110101010101111111010101111101010111010110
1101110101010111110111111111111101011101011101110111011101010111011111011111010111011111111101110101010111010111011101010101111111011101010101011111010101110111110101010101111111010101111101010111010100
