0100000010110011001100110011001101000000010000000000000000000000010000001001000000000000000000000011111111000000000000000000000001
0100000010110011001100110011001101000000001000000000000000000000010000000111100110011001100110010011111110001100110011001100110001
0100000010110110011001100110011001000000001100110011001100110011010000001001000000000000000000000011111110100110011001100110011001
0100000011001100110011001100110001000000001011001100110011001100010000001010100110011001100110010011111111110011001100110011001110
0100000010101100110011001100110001000000010110011001100110011001001111111100000000000000000000000011111011001100110011001100110000
0100000010101100110011001100110001000000011011001100110011001100001111111100000000000000000000000011111001001100110011001100110000
0100000010100011001100110011001101000000010100110011001100110011001111111101100110011001100110010011111100000000000000000000000000
0100000011010011001100110011001101000000001110011001100110011001010000001001001100110011001100110011111110100110011001100110011001
0100000011001001100110011001100101000000001000000000000000000000010000001010000000000000000000000011111111110011001100110011001110
0100000010110011001100110011001101000000001011001100110011001100010000001000011001100110011001100011111110100110011001100110011001
0100000011000000000000000000000001000000000011001100110011001100010000001010000000000000000000000011111111000000000000000000000010
0100000011111100110011001100110001000000011100110011001100110011010000001100110011001100110011000100000000000000000000000000000010
0100000011000011001100110011001101000000010000000000000000000000010000001001001100110011001100110011111110110011001100110011001101
0100000011000110011001100110011001000000001100110011001100110011010000001001100110011001100110010011111111100110011001100110011010
0100000011000011001100110011001101000000001100110011001100110011010000001000000000000000000000000011111110100110011001100110011001
0100000011110110011001100110011001000000001100110011001100110011010000001101011001100110011001100100000000000000000000000000000010
0100000010100000000000000000000001000000000100110011001100110011010000000101001100110011001100110011111110000000000000000000000001
0100000011100000000000000000000001000000010011001100110011001100010000001001011001100110011001100011111110110011001100110011001101
0100000011001001100110011001100101000000001011001100110011001100010000001001110011001100110011000011111111100110011001100110011010
0100000011011001100110011001100101000000010000000000000000000000010000001011000000000000000000000100000000000110011001100110011010
0100000010111001100110011001100101000000001100110011001100110011010000001010001100110011001100110100000000011001100110011001100110
0100000010111001100110011001100101000000001011001100110011001100010000001010001100110011001100110011111111110011001100110011001110
0100000010110000000000000000000001000000000100110011001100110011010000001000000000000000000000000011111110100110011001100110011001
0100000010110011001100110011001101000000001110011001100110011001010000000110011001100110011001100011111110100110011001100110011001
0100000010100000000000000000000001000000000000000000000000000000010000000110000000000000000000000011111110000000000000000000000001
0100000010101100110011001100110001000000010000000000000000000000010000001001000000000000000000000011111111000000000000000000000001
0100000010100110011001100110011001000000001011001100110011001100010000000111100110011001100110010011111110110011001100110011001101
0100000010100011001100110011001101000000011100110011001100110011001111111111001100110011001100110011111011001100110011001100110000
0100000010100000000000000000000001000000011000000000000000000000001111111010011001100110011001100011111010011001100110011001100100
0100000010010011001100110011001101000000010110011001100110011001001111111011001100110011001100110011111010011001100110011001100100
0100000010110011001100110011001101000000010000000000000000000000010000001000001100110011001100110011111110100110011001100110011001
0100000011010000000000000000000001000000001100110011001100110011010000001001001100110011001100110011111111000000000000000000000001
0100000011000000000000000000000001000000010110011001100110011001010000001001000000000000000000000011111111001100110011001100110001
0100000010100011001100110011001101000000011000000000000000000000001111111011001100110011001100110011111010011001100110011001100100
0100000011110110011001100110011001000000011100110011001100110011010000001101011001100110011001100100000000001100110011001100110010
0100000011011100110011001100110001000000010011001100110011001100010000001011011001100110011001100100000000010011001100110011001110
0100000011001100110011001100110001000000001100110011001100110011010000001011001100110011001100110100000000001100110011001100110010
0100000011010000000000000000000001000000010000000000000000000000010000001011000000000000000000000011111111100110011001100110011010
0100000010100000000000000000000001000000010011001100110011001100001111111001100110011001100110010011111001001100110011001100110000
0100000010101100110011001100110001000000010110011001100110011001001111111101100110011001100110010011111001001100110011001100110000
0100000011000110011001100110011001000000001110011001100110011001010000001000100110011001100110010011111110100110011001100110011001
0100000011010000000000000000000001000000010011001100110011001100010000001010001100110011001100110100000000000000000000000000000010
0100000010110000000000000000000001000000011000000000000000000000001111111010011001100110011001100011111001001100110011001100110000
0100000011100110011001100110011001000000010011001100110011001100010000001100000000000000000000000011111111100110011001100110011010
0100000011001001100110011001100101000000010100110011001100110011010000001001011001100110011001100011111111001100110011001100110001
0100000010011100110011001100110001000000010000000000000000000000001111111011001100110011001100110011111001001100110011001100110000
0100000010010011001100110011001101000000010001100110011001100110001111111100000000000000000000000011111001001100110011001100110000
0100000011001001100110011001100101000000010110011001100110011001010000001011001100110011001100110100000000011001100110011001100110
0100000010011001100110011001100101000000010001100110011001100110001111111100110011001100110011000011111001001100110011001100110000
0100000010100000000000000000000001000000010110011001100110011001001111111100000000000000000000000011111001001100110011001100110000
0100000011000011001100110011001101000000010000000000000000000000010000001001110011001100110011000011111111100110011001100110011010
0100000010011100110011001100110001000000010001100110011001100110001111111100000000000000000000000011111001001100110011001100110000
0100000010101100110011001100110001000000011110011001100110011001001111111010011001100110011001100011111011001100110011001100110000
0100000010111001100110011001100101000000001011001100110011001100010000001010001100110011001100110011111111110011001100110011001110
0100000011001100110011001100110001000000010011001100110011001100010000001001000000000000000000000011111111000000000000000000000001
0100000010111001100110011001100101000000001011001100110011001100010000000111100110011001100110010011111110011001100110011001100101
0100000011110110011001100110011001000000010000000000000000000000010000001100001100110011001100110100000000010011001100110011001110
0100000011010110011001100110011001000000010000000000000000000000010000001010000000000000000000000011111111011001100110011001100101
0100000010011001100110011001100101000000010110011001100110011001001111111111001100110011001100110011111001001100110011001100110000
0100000011000110011001100110011001000000000011001100110011001100010000001001000000000000000000000011111111000000000000000000000001
0100000010110110011001100110011001000000100011001100110011001100001111111100000000000000000000000011111011001100110011001100110000
0100000011001001100110011001100101000000001110011001100110011001010000001011001100110011001100110011111111100110011001100110011010
0100000010110110011001100110011001000000010000000000000000000000010000001000011001100110011001100011111110011001100110011001100101
0100000011001100110011001100110001000000001100110011001100110011010000001011001100110011001100110100000000000110011001100110011010
0100000010011100110011001100110001000000010001100110011001100110001111111100000000000000000000000011110111001100110011001100110000
0100000010100011001100110011001101000000011100110011001100110011001111111100000000000000000000000011111010011001100110011001100100
0100000011000011001100110011001101000000001100110011001100110011010000001001011001100110011001100011111110011001100110011001100101
0100000010001100110011001100110001000000001110011001100110011001001111111011001100110011001100110011111001001100110011001100110000
0100000011011001100110011001100101000000001100110011001100110011010000001001100110011001100110010011111110110011001100110011001101
0100000010100011001100110011001101000000011100110011001100110011001111111100110011001100110011000011111001001100110011001100110000
0100000011000011001100110011001101000000001110011001100110011001010000001001011001100110011001100011111110110011001100110011001101
0100000010011100110011001100110001000000000110011001100110011001010000000101001100110011001100110011111110000000000000000000000001
0100000011100110011001100110011001000000010000000000000000000000010000001011100110011001100110010011111111001100110011001100110010
0100000011000011001100110011001101000000001001100110011001100110010000001011001100110011001100110011111110110011001100110011001110
0100000010001100110011001100110001000000010000000000000000000000001111111010011001100110011001100011111001001100110011001100110000
