11011101010001111101001111111111010111010111111111111111010101111111111111110101110111111111011101010101110101110111010101011111110111010101010111110101011101111101010101011111110101011111010101110101
11011101010101111101010111111111010111010111111111111111010101110111110111110101110111111111011101010101110101110111010101011111110111010101010111110101011101111101010101011111110101011111010101110101
11011101010101111101111111111111010111010111111111110111010101110111110111110101110111111111011101010101110101110111010101011111110111010101010111110101011101111101010101011111110101011111010101110101
11011101010101111101111111111111010111010111011101110111010101110111110111110101110111111111011101010101110101110111010101011111110111010101010111110101011101111101010101011111110101011111010101110101
11011101010101111101111111011111010111010111011101110111010101110111110111110101110111111111011101010101110101110111010101011111110111010101010111110101011101111101010101011111110101011111010101110101
11011101010101111101010111110101010101010101110111011101010101111101111111110101110111111111011101010101110101110111010101011111110111010101010111110101011101111101010101011111110101011111010101110101
11011101010101111101010111110101010101010111111111111111010101111111111111110101110111111111011101010101110101110111010101011111110111010101010111110101011101111101010101011111110101011111010101110101
11011101010101111101010111110011010111010111011101110111010101110111110111110101110111111111011101010101110101110111010101011111110111010101010111110101011101111101010101011111110101011111010101110101
11011101010001111101111111111111010111010111011101110111010101110111110111110101110111111111011101010101110101110111010101011111110111010101010111110101011101111101010101011111110101011111010101110101
11011101011101111101111101011111010111010111011101110111010101110111110111110101110111111111011101010101110101110111010101011111110111010101010111110101011101111101010101011111110101011111010101110101
11011101010101111101010111110101010101010101110111011101010101111111111111110101110011111111011101010101110101110111010101011111110111010101010111110101011101111101010101011111110101011111010101110101
11011101010101111101010111110101010101010101110111011101010101111101111101110101110111111111011101010101110101110111010101011111110111010101010111110101011101111101010101011111110101011111010101110101
11011101010101111101010111110101010101010101110111011101010101111101111101010101111101010111111101010101110101110111010101011111110111010101010111110101011101111101010101011111110101011111010101110101
11011101010101111101010111110101010101010111011101110111010101110111110111110101110111111111011101010101110101110111010101011111110111010101010111110101011101111101010101011111110101011111010101110101
11011101011101110101111101011111010111010111011101110111010101110111110111110101110111111111011101010101110101110111010101011111110111010101010111110101011101111101010101011111110101011111010101110101
11011101010101111101010111110101010101010101110111011101010101111101111101010101111111111111001101010101110101110111010101011111110111010101010111110101011101111101010101011111110101011111010101110101
11011101010101111101010111110101010101010101110111011101010101111101111101010101111101010111111101010101111111110111010101011111110111010101010111110101011101111101010101011111110101011111010101110101
11011101010101111101010111110101010101010101110111011101010101111101111101010101111101010111111101010101111111111111010101011111110111010101010111110101011101111101010101011111110101011111010101110101
11011101010101111101010111110101010101010101110111011101010101111101111101010101111101010111111101010101011111011101010101111111111111010111110111110101011101111101010101011111110101011111010101110101
11011101010101111101010111110101010101010101110111011101010101111101111101010101111111111111111101010101111111111111010101111111111111010101010111110101011101111101010101011111110101011111010101110101
11011101010101111101010111110101010101010101110111011101010101111101111101010101111101010111111101010101111101110111010101011111110111010101010111110101011101111101010101011111110101011111010101110101
11011101010101111101010111110101010101010101110111011101010101111101111101010101111101010111111101010101011111111111010101111111111111010100010111110101011101111101010101011111110101011111010101110101
11011101010101111101010111110101010101010101110111011101010101111101111101010101111101010111111101010101011111111111010101011111110111010101010111110101011101111101010101011111110101011111010101110101
11011101010101111101010111110101010101010101110111011101010101111101111101010101111101010111111101010101011111111111010101111111111111010111110111110101001100111100010001011111110101011111010101110101
11011101010101111101010111110101010101010101110111011101010101111101111101010101111101010111111101010101011111011101010101111101111111010111110111110101111111111111011101011111110100011111010101110101
